{
    "metadata": {
        "source": "R_Data.csv",
        "description": "Measurement Noise Covariance Matrix (R) for EKF"
    },
    "columns": [
        "x",
        "y",
        "z",
        "rotx (rad)",
        "roty",
        "rotz"
    ],
    "matrix": [
        [
            0.0005127333333333361,
            -0.0008744999999999968,
            0.0017436666666665937,
            -0.0011372897489494152,
            -0.0012250166666666637,
            -0.0004490666666666734
        ],
        [
            -0.0008744999999999968,
            0.004017700000000035,
            -0.014662866666666649,
            0.002940158298787561,
            0.0023859666666666804,
            -0.0027294666666666744
        ],
        [
            0.0017436666666665937,
            -0.014662866666666649,
            0.13684836666666603,
            -0.0001490713015170328,
            0.005417533333333423,
            0.019652966666666744
        ],
        [
            -0.0011372897489494152,
            0.002940158298787561,
            -0.0001490713015170328,
            0.003831045935300656,
            0.004016755267695083,
            0.00012982635454836938
        ],
        [
            -0.0012250166666666637,
            0.0023859666666666804,
            0.005417533333333423,
            0.004016755267695083,
            0.004734933333333333,
            0.0019204
        ],
        [
            -0.0004490666666666734,
            -0.0027294666666666744,
            0.019652966666666744,
            0.00012982635454836938,
            0.0019204,
            0.006962633333333333
        ]
    ],
    "diagonal": [
        0.0005127333333333361,
        0.004017700000000035,
        0.13684836666666603,
        0.003831045935300656,
        0.004734933333333333,
        0.006962633333333333
    ]
}